{
 "cells": [
  {
   "cell_type": "markdown",
   "metadata": {
    "application/vnd.databricks.v1+cell": {
     "cellMetadata": {
      "byteLimit": 2048000,
      "rowLimit": 10000
     },
     "inputWidgets": {},
     "nuid": "1150ad03-d27d-41cd-9d3e-5d717b80a08e",
     "showTitle": false,
     "title": ""
    }
   },
   "source": [
    "## First we install Python packages and initialize our globals"
   ]
  },
  {
   "cell_type": "code",
   "execution_count": 1,
   "metadata": {
    "application/vnd.databricks.v1+cell": {
     "cellMetadata": {
      "byteLimit": 2048000,
      "rowLimit": 10000
     },
     "inputWidgets": {},
     "nuid": "d21f0fd2-c1cd-42a5-854b-8380b7ee0e0c",
     "showTitle": false,
     "title": ""
    }
   },
   "outputs": [
    {
     "name": "stdout",
     "output_type": "stream",
     "text": [
      "Requirement already satisfied: ipykernel==6.29.4 in /usr/local/anaconda3/envs/py310/lib/python3.10/site-packages (from -r ../requirements.txt (line 1)) (6.29.4)\n",
      "Requirement already satisfied: nbformat==5.10.4 in /Users/glestryc/.local/lib/python3.10/site-packages (from -r ../requirements.txt (line 2)) (5.10.4)\n",
      "Requirement already satisfied: plotly==5.22.0 in /usr/local/anaconda3/envs/py310/lib/python3.10/site-packages (from -r ../requirements.txt (line 3)) (5.22.0)\n",
      "Requirement already satisfied: pytest==8.2.1 in /usr/local/anaconda3/envs/py310/lib/python3.10/site-packages (from -r ../requirements.txt (line 4)) (8.2.1)\n",
      "Requirement already satisfied: databricks-connect==13.1.0 in /usr/local/anaconda3/envs/py310/lib/python3.10/site-packages (from -r ../requirements.txt (line 5)) (13.1.0)\n",
      "Requirement already satisfied: appnope in /Users/glestryc/.local/lib/python3.10/site-packages (from ipykernel==6.29.4->-r ../requirements.txt (line 1)) (0.1.4)\n",
      "Requirement already satisfied: comm>=0.1.1 in /Users/glestryc/.local/lib/python3.10/site-packages (from ipykernel==6.29.4->-r ../requirements.txt (line 1)) (0.2.2)\n",
      "Requirement already satisfied: debugpy>=1.6.5 in /usr/local/anaconda3/envs/py310/lib/python3.10/site-packages (from ipykernel==6.29.4->-r ../requirements.txt (line 1)) (1.8.2)\n",
      "Requirement already satisfied: ipython>=7.23.1 in /usr/local/anaconda3/envs/py310/lib/python3.10/site-packages (from ipykernel==6.29.4->-r ../requirements.txt (line 1)) (8.26.0)\n",
      "Requirement already satisfied: jupyter-client>=6.1.12 in /usr/local/anaconda3/envs/py310/lib/python3.10/site-packages (from ipykernel==6.29.4->-r ../requirements.txt (line 1)) (8.6.2)\n",
      "Requirement already satisfied: jupyter-core!=5.0.*,>=4.12 in /Users/glestryc/.local/lib/python3.10/site-packages (from ipykernel==6.29.4->-r ../requirements.txt (line 1)) (5.7.2)\n",
      "Requirement already satisfied: matplotlib-inline>=0.1 in /Users/glestryc/.local/lib/python3.10/site-packages (from ipykernel==6.29.4->-r ../requirements.txt (line 1)) (0.1.7)\n",
      "Requirement already satisfied: nest-asyncio in /Users/glestryc/.local/lib/python3.10/site-packages (from ipykernel==6.29.4->-r ../requirements.txt (line 1)) (1.6.0)\n",
      "Requirement already satisfied: packaging in /usr/local/anaconda3/envs/py310/lib/python3.10/site-packages (from ipykernel==6.29.4->-r ../requirements.txt (line 1)) (24.1)\n",
      "Requirement already satisfied: psutil in /usr/local/anaconda3/envs/py310/lib/python3.10/site-packages (from ipykernel==6.29.4->-r ../requirements.txt (line 1)) (6.0.0)\n",
      "Requirement already satisfied: pyzmq>=24 in /usr/local/anaconda3/envs/py310/lib/python3.10/site-packages (from ipykernel==6.29.4->-r ../requirements.txt (line 1)) (26.0.3)\n",
      "Requirement already satisfied: tornado>=6.1 in /usr/local/anaconda3/envs/py310/lib/python3.10/site-packages (from ipykernel==6.29.4->-r ../requirements.txt (line 1)) (6.4.1)\n",
      "Requirement already satisfied: traitlets>=5.4.0 in /Users/glestryc/.local/lib/python3.10/site-packages (from ipykernel==6.29.4->-r ../requirements.txt (line 1)) (5.14.3)\n",
      "Requirement already satisfied: fastjsonschema>=2.15 in /usr/local/anaconda3/envs/py310/lib/python3.10/site-packages (from nbformat==5.10.4->-r ../requirements.txt (line 2)) (2.20.0)\n",
      "Requirement already satisfied: jsonschema>=2.6 in /Users/glestryc/.local/lib/python3.10/site-packages (from nbformat==5.10.4->-r ../requirements.txt (line 2)) (4.22.0)\n",
      "Requirement already satisfied: tenacity>=6.2.0 in /usr/local/anaconda3/envs/py310/lib/python3.10/site-packages (from plotly==5.22.0->-r ../requirements.txt (line 3)) (8.5.0)\n",
      "Requirement already satisfied: iniconfig in /usr/local/anaconda3/envs/py310/lib/python3.10/site-packages (from pytest==8.2.1->-r ../requirements.txt (line 4)) (2.0.0)\n",
      "Requirement already satisfied: pluggy<2.0,>=1.5 in /usr/local/anaconda3/envs/py310/lib/python3.10/site-packages (from pytest==8.2.1->-r ../requirements.txt (line 4)) (1.5.0)\n",
      "Requirement already satisfied: exceptiongroup>=1.0.0rc8 in /Users/glestryc/.local/lib/python3.10/site-packages (from pytest==8.2.1->-r ../requirements.txt (line 4)) (1.2.1)\n",
      "Requirement already satisfied: tomli>=1 in /Users/glestryc/.local/lib/python3.10/site-packages (from pytest==8.2.1->-r ../requirements.txt (line 4)) (2.0.1)\n",
      "Requirement already satisfied: py4j==0.10.9.7 in /usr/local/anaconda3/envs/py310/lib/python3.10/site-packages (from databricks-connect==13.1.0->-r ../requirements.txt (line 5)) (0.10.9.7)\n",
      "Requirement already satisfied: six in /Users/glestryc/.local/lib/python3.10/site-packages (from databricks-connect==13.1.0->-r ../requirements.txt (line 5)) (1.16.0)\n",
      "Requirement already satisfied: pandas>=1.0.5 in /usr/local/anaconda3/envs/py310/lib/python3.10/site-packages (from databricks-connect==13.1.0->-r ../requirements.txt (line 5)) (2.2.2)\n",
      "Requirement already satisfied: pyarrow>=1.0.0 in /usr/local/anaconda3/envs/py310/lib/python3.10/site-packages (from databricks-connect==13.1.0->-r ../requirements.txt (line 5)) (16.1.0)\n",
      "Requirement already satisfied: grpcio>=1.48.1 in /usr/local/anaconda3/envs/py310/lib/python3.10/site-packages (from databricks-connect==13.1.0->-r ../requirements.txt (line 5)) (1.64.1)\n",
      "Requirement already satisfied: grpcio-status>=1.48.1 in /usr/local/anaconda3/envs/py310/lib/python3.10/site-packages (from databricks-connect==13.1.0->-r ../requirements.txt (line 5)) (1.64.1)\n",
      "Requirement already satisfied: googleapis-common-protos>=1.56.4 in /usr/local/anaconda3/envs/py310/lib/python3.10/site-packages (from databricks-connect==13.1.0->-r ../requirements.txt (line 5)) (1.63.2)\n",
      "Requirement already satisfied: numpy>=1.15 in /usr/local/anaconda3/envs/py310/lib/python3.10/site-packages (from databricks-connect==13.1.0->-r ../requirements.txt (line 5)) (2.0.0)\n",
      "Requirement already satisfied: databricks-sdk>=0.1.2 in /usr/local/anaconda3/envs/py310/lib/python3.10/site-packages (from databricks-connect==13.1.0->-r ../requirements.txt (line 5)) (0.29.0)\n",
      "Requirement already satisfied: google-auth~=2.0 in /usr/local/anaconda3/envs/py310/lib/python3.10/site-packages (from databricks-sdk>=0.1.2->databricks-connect==13.1.0->-r ../requirements.txt (line 5)) (2.31.0)\n",
      "Requirement already satisfied: requests<3,>=2.28.1 in /usr/local/anaconda3/envs/py310/lib/python3.10/site-packages (from databricks-sdk>=0.1.2->databricks-connect==13.1.0->-r ../requirements.txt (line 5)) (2.32.3)\n",
      "Requirement already satisfied: protobuf!=3.20.0,!=3.20.1,!=4.21.1,!=4.21.2,!=4.21.3,!=4.21.4,!=4.21.5,<6.0.0.dev0,>=3.20.2 in /usr/local/anaconda3/envs/py310/lib/python3.10/site-packages (from googleapis-common-protos>=1.56.4->databricks-connect==13.1.0->-r ../requirements.txt (line 5)) (5.27.2)\n",
      "Requirement already satisfied: decorator in /Users/glestryc/.local/lib/python3.10/site-packages (from ipython>=7.23.1->ipykernel==6.29.4->-r ../requirements.txt (line 1)) (5.1.1)\n",
      "Requirement already satisfied: jedi>=0.16 in /Users/glestryc/.local/lib/python3.10/site-packages (from ipython>=7.23.1->ipykernel==6.29.4->-r ../requirements.txt (line 1)) (0.19.1)\n",
      "Requirement already satisfied: prompt-toolkit<3.1.0,>=3.0.41 in /usr/local/anaconda3/envs/py310/lib/python3.10/site-packages (from ipython>=7.23.1->ipykernel==6.29.4->-r ../requirements.txt (line 1)) (3.0.47)\n",
      "Requirement already satisfied: pygments>=2.4.0 in /Users/glestryc/.local/lib/python3.10/site-packages (from ipython>=7.23.1->ipykernel==6.29.4->-r ../requirements.txt (line 1)) (2.18.0)\n",
      "Requirement already satisfied: stack-data in /Users/glestryc/.local/lib/python3.10/site-packages (from ipython>=7.23.1->ipykernel==6.29.4->-r ../requirements.txt (line 1)) (0.6.3)\n",
      "Requirement already satisfied: typing-extensions>=4.6 in /usr/local/anaconda3/envs/py310/lib/python3.10/site-packages (from ipython>=7.23.1->ipykernel==6.29.4->-r ../requirements.txt (line 1)) (4.12.2)\n",
      "Requirement already satisfied: pexpect>4.3 in /Users/glestryc/.local/lib/python3.10/site-packages (from ipython>=7.23.1->ipykernel==6.29.4->-r ../requirements.txt (line 1)) (4.9.0)\n",
      "Requirement already satisfied: attrs>=22.2.0 in /Users/glestryc/.local/lib/python3.10/site-packages (from jsonschema>=2.6->nbformat==5.10.4->-r ../requirements.txt (line 2)) (23.2.0)\n",
      "Requirement already satisfied: jsonschema-specifications>=2023.03.6 in /Users/glestryc/.local/lib/python3.10/site-packages (from jsonschema>=2.6->nbformat==5.10.4->-r ../requirements.txt (line 2)) (2023.12.1)\n",
      "Requirement already satisfied: referencing>=0.28.4 in /Users/glestryc/.local/lib/python3.10/site-packages (from jsonschema>=2.6->nbformat==5.10.4->-r ../requirements.txt (line 2)) (0.35.1)\n",
      "Requirement already satisfied: rpds-py>=0.7.1 in /usr/local/anaconda3/envs/py310/lib/python3.10/site-packages (from jsonschema>=2.6->nbformat==5.10.4->-r ../requirements.txt (line 2)) (0.18.0)\n",
      "Requirement already satisfied: python-dateutil>=2.8.2 in /Users/glestryc/.local/lib/python3.10/site-packages (from jupyter-client>=6.1.12->ipykernel==6.29.4->-r ../requirements.txt (line 1)) (2.9.0.post0)\n",
      "Requirement already satisfied: platformdirs>=2.5 in /Users/glestryc/.local/lib/python3.10/site-packages (from jupyter-core!=5.0.*,>=4.12->ipykernel==6.29.4->-r ../requirements.txt (line 1)) (4.2.2)\n",
      "Requirement already satisfied: pytz>=2020.1 in /usr/local/anaconda3/envs/py310/lib/python3.10/site-packages (from pandas>=1.0.5->databricks-connect==13.1.0->-r ../requirements.txt (line 5)) (2024.1)\n",
      "Requirement already satisfied: tzdata>=2022.7 in /usr/local/anaconda3/envs/py310/lib/python3.10/site-packages (from pandas>=1.0.5->databricks-connect==13.1.0->-r ../requirements.txt (line 5)) (2024.1)\n",
      "Requirement already satisfied: cachetools<6.0,>=2.0.0 in /usr/local/anaconda3/envs/py310/lib/python3.10/site-packages (from google-auth~=2.0->databricks-sdk>=0.1.2->databricks-connect==13.1.0->-r ../requirements.txt (line 5)) (5.3.3)\n",
      "Requirement already satisfied: pyasn1-modules>=0.2.1 in /usr/local/anaconda3/envs/py310/lib/python3.10/site-packages (from google-auth~=2.0->databricks-sdk>=0.1.2->databricks-connect==13.1.0->-r ../requirements.txt (line 5)) (0.4.0)\n",
      "Requirement already satisfied: rsa<5,>=3.1.4 in /usr/local/anaconda3/envs/py310/lib/python3.10/site-packages (from google-auth~=2.0->databricks-sdk>=0.1.2->databricks-connect==13.1.0->-r ../requirements.txt (line 5)) (4.9)\n",
      "Requirement already satisfied: parso<0.9.0,>=0.8.3 in /Users/glestryc/.local/lib/python3.10/site-packages (from jedi>=0.16->ipython>=7.23.1->ipykernel==6.29.4->-r ../requirements.txt (line 1)) (0.8.4)\n",
      "Requirement already satisfied: ptyprocess>=0.5 in /Users/glestryc/.local/lib/python3.10/site-packages (from pexpect>4.3->ipython>=7.23.1->ipykernel==6.29.4->-r ../requirements.txt (line 1)) (0.7.0)\n",
      "Requirement already satisfied: wcwidth in /Users/glestryc/.local/lib/python3.10/site-packages (from prompt-toolkit<3.1.0,>=3.0.41->ipython>=7.23.1->ipykernel==6.29.4->-r ../requirements.txt (line 1)) (0.2.13)\n",
      "Requirement already satisfied: charset-normalizer<4,>=2 in /usr/local/anaconda3/envs/py310/lib/python3.10/site-packages (from requests<3,>=2.28.1->databricks-sdk>=0.1.2->databricks-connect==13.1.0->-r ../requirements.txt (line 5)) (2.0.12)\n",
      "Requirement already satisfied: idna<4,>=2.5 in /Users/glestryc/.local/lib/python3.10/site-packages (from requests<3,>=2.28.1->databricks-sdk>=0.1.2->databricks-connect==13.1.0->-r ../requirements.txt (line 5)) (3.7)\n",
      "Requirement already satisfied: urllib3<3,>=1.21.1 in /usr/local/anaconda3/envs/py310/lib/python3.10/site-packages (from requests<3,>=2.28.1->databricks-sdk>=0.1.2->databricks-connect==13.1.0->-r ../requirements.txt (line 5)) (2.2.2)\n",
      "Requirement already satisfied: certifi>=2017.4.17 in /usr/local/anaconda3/envs/py310/lib/python3.10/site-packages (from requests<3,>=2.28.1->databricks-sdk>=0.1.2->databricks-connect==13.1.0->-r ../requirements.txt (line 5)) (2024.7.4)\n",
      "Requirement already satisfied: executing>=1.2.0 in /Users/glestryc/.local/lib/python3.10/site-packages (from stack-data->ipython>=7.23.1->ipykernel==6.29.4->-r ../requirements.txt (line 1)) (2.0.1)\n",
      "Requirement already satisfied: asttokens>=2.1.0 in /Users/glestryc/.local/lib/python3.10/site-packages (from stack-data->ipython>=7.23.1->ipykernel==6.29.4->-r ../requirements.txt (line 1)) (2.4.1)\n",
      "Requirement already satisfied: pure-eval in /Users/glestryc/.local/lib/python3.10/site-packages (from stack-data->ipython>=7.23.1->ipykernel==6.29.4->-r ../requirements.txt (line 1)) (0.2.2)\n",
      "Requirement already satisfied: pyasn1<0.7.0,>=0.4.6 in /usr/local/anaconda3/envs/py310/lib/python3.10/site-packages (from pyasn1-modules>=0.2.1->google-auth~=2.0->databricks-sdk>=0.1.2->databricks-connect==13.1.0->-r ../requirements.txt (line 5)) (0.6.0)\n",
      "Note: you may need to restart the kernel to use updated packages.\n"
     ]
    }
   ],
   "source": [
    "%pip install -r ../requirements.txt\n",
    "%load_ext autoreload\n",
    "%autoreload 2\n",
    "# add project dir to python path\n",
    "try:\n",
    "    notebook_path = dbutils.notebook.entry_point.getDbutils().notebook().getContext().notebookPath().get()\n",
    "    import sys, os\n",
    "    sys.path.append(\"/Workspace\" + os.path.dirname(os.path.dirname(notebook_path)))\n",
    "except:\n",
    "    pass"
   ]
  },
  {
   "cell_type": "code",
   "execution_count": 3,
   "metadata": {
    "application/vnd.databricks.v1+cell": {
     "cellMetadata": {
      "byteLimit": 2048000,
      "rowLimit": 10000
     },
     "inputWidgets": {},
     "nuid": "db31f2e5-6f73-4b4a-9735-48e5fb1a4cea",
     "showTitle": false,
     "title": ""
    }
   },
   "outputs": [],
   "source": [
    "# load table into spark dataframe\n",
    "cows_bff = spark.read.table(\"p2dscidmsmeus.glestryc.cows_bff\")"
   ]
  },
  {
   "cell_type": "markdown",
   "metadata": {
    "application/vnd.databricks.v1+cell": {
     "cellMetadata": {
      "byteLimit": 2048000,
      "rowLimit": 10000
     },
     "inputWidgets": {},
     "nuid": "a06f52cf-3601-4fa5-8041-bd1df249f2be",
     "showTitle": false,
     "title": ""
    }
   },
   "source": [
    "## Lets compute meal overlap"
   ]
  },
  {
   "cell_type": "code",
   "execution_count": 4,
   "metadata": {
    "application/vnd.databricks.v1+cell": {
     "cellMetadata": {
      "byteLimit": 2048000,
      "rowLimit": 10000
     },
     "inputWidgets": {},
     "nuid": "6ede41bc-a962-43a3-afe2-1df2564d1c07",
     "showTitle": false,
     "title": ""
    }
   },
   "outputs": [
    {
     "data": {
      "text/html": [
       "<table border=\"1\" class=\"dataframe\">\n",
       "  <thead>\n",
       "    <tr style=\"text-align: right;\">\n",
       "      <th></th>\n",
       "      <th>cow1</th>\n",
       "      <th>cow2</th>\n",
       "      <th>closeness</th>\n",
       "    </tr>\n",
       "  </thead>\n",
       "  <tbody>\n",
       "    <tr>\n",
       "      <th>0</th>\n",
       "      <td>Brandy</td>\n",
       "      <td>Buttercup</td>\n",
       "      <td>687.000000</td>\n",
       "    </tr>\n",
       "    <tr>\n",
       "      <th>1</th>\n",
       "      <td>Brandy</td>\n",
       "      <td>Butterscotch</td>\n",
       "      <td>627.461538</td>\n",
       "    </tr>\n",
       "    <tr>\n",
       "      <th>2</th>\n",
       "      <td>Brandy</td>\n",
       "      <td>Cocoa</td>\n",
       "      <td>418.692308</td>\n",
       "    </tr>\n",
       "    <tr>\n",
       "      <th>3</th>\n",
       "      <td>Brandy</td>\n",
       "      <td>Daisy</td>\n",
       "      <td>406.846154</td>\n",
       "    </tr>\n",
       "    <tr>\n",
       "      <th>4</th>\n",
       "      <td>Brandy</td>\n",
       "      <td>Dottie</td>\n",
       "      <td>723.538462</td>\n",
       "    </tr>\n",
       "    <tr>\n",
       "      <th>5</th>\n",
       "      <td>Brandy</td>\n",
       "      <td>Hershey</td>\n",
       "      <td>507.384615</td>\n",
       "    </tr>\n",
       "    <tr>\n",
       "      <th>6</th>\n",
       "      <td>Brandy</td>\n",
       "      <td>Magic</td>\n",
       "      <td>319.153846</td>\n",
       "    </tr>\n",
       "    <tr>\n",
       "      <th>7</th>\n",
       "      <td>Brandy</td>\n",
       "      <td>Marshmallow</td>\n",
       "      <td>454.846154</td>\n",
       "    </tr>\n",
       "    <tr>\n",
       "      <th>8</th>\n",
       "      <td>Brandy</td>\n",
       "      <td>Mocha</td>\n",
       "      <td>418.692308</td>\n",
       "    </tr>\n",
       "    <tr>\n",
       "      <th>9</th>\n",
       "      <td>Brandy</td>\n",
       "      <td>Muffin</td>\n",
       "      <td>338.692308</td>\n",
       "    </tr>\n",
       "  </tbody>\n",
       "</table>"
      ],
      "text/plain": [
       "DataFrame[cow1: string, cow2: string, closeness: double]"
      ]
     },
     "metadata": {},
     "output_type": "display_data"
    }
   ],
   "source": [
    "from cow_bff.heatmap import compute_heatmap\n",
    "\n",
    "df = compute_heatmap(cows_bff)\n",
    "display(df.limit(10))"
   ]
  },
  {
   "cell_type": "markdown",
   "metadata": {
    "application/vnd.databricks.v1+cell": {
     "cellMetadata": {
      "byteLimit": 2048000,
      "rowLimit": 10000
     },
     "inputWidgets": {},
     "nuid": "528c3a06-31c6-4124-b702-8052b7e3a821",
     "showTitle": false,
     "title": ""
    }
   },
   "source": [
    "# Display Heatmap"
   ]
  },
  {
   "cell_type": "code",
   "execution_count": 5,
   "metadata": {
    "application/vnd.databricks.v1+cell": {
     "cellMetadata": {
      "byteLimit": 2048000,
      "rowLimit": 10000
     },
     "inputWidgets": {},
     "nuid": "65567936-669a-402d-b4c2-ddc1afc9465d",
     "showTitle": false,
     "title": ""
    }
   },
   "outputs": [
    {
     "data": {
      "application/vnd.plotly.v1+json": {
       "config": {
        "plotlyServerURL": "https://plot.ly"
       },
       "data": [
        {
         "coloraxis": "coloraxis",
         "hovertemplate": "Cow 2: %{x}<br>Cow 1: %{y}<br>closeness: %{z}<extra></extra>",
         "name": "0",
         "type": "heatmap",
         "x": [
          "Brandy",
          "Buttercup",
          "Butterscotch",
          "Cocoa",
          "Daisy",
          "Dottie",
          "Hershey",
          "Magic",
          "Marshmallow",
          "Mocha",
          "Muffin",
          "Nellie",
          "Nutella",
          "Peaches",
          "Popcorn"
         ],
         "xaxis": "x",
         "y": [
          "Brandy",
          "Buttercup",
          "Butterscotch",
          "Cocoa",
          "Daisy",
          "Dottie",
          "Hershey",
          "Magic",
          "Marshmallow",
          "Mocha",
          "Muffin",
          "Nellie",
          "Nutella",
          "Peaches",
          "Popcorn"
         ],
         "yaxis": "y",
         "z": [
          [
           0,
           687,
           627.4615384615385,
           418.6923076923077,
           406.84615384615387,
           723.5384615384615,
           507.38461538461536,
           319.15384615384613,
           454.84615384615387,
           418.6923076923077,
           338.6923076923077,
           393.0769230769231,
           444.15384615384613,
           427.7692307692308,
           400.61538461538464
          ],
          [
           687,
           0,
           479.84615384615387,
           453.9230769230769,
           415.0769230769231,
           532.9230769230769,
           502.46153846153845,
           362.7692307692308,
           429.61538461538464,
           453.9230769230769,
           268.6923076923077,
           286.3076923076923,
           559.5384615384615,
           388.84615384615387,
           307.7692307692308
          ],
          [
           627.4615384615385,
           479.84615384615387,
           0,
           740.5384615384615,
           394.3076923076923,
           709.4615384615385,
           603.7692307692307,
           357.53846153846155,
           611.5384615384615,
           740.5384615384615,
           544.5384615384615,
           525.2307692307693,
           413.2307692307692,
           673.1538461538462,
           584.7692307692307
          ],
          [
           418.6923076923077,
           453.9230769230769,
           740.5384615384615,
           0,
           255.07692307692307,
           577.7692307692307,
           754.4615384615385,
           369.2307692307692,
           415,
           1291.8461538461538,
           521.6923076923077,
           340.38461538461536,
           600.4615384615385,
           691.5384615384615,
           552.5384615384615
          ],
          [
           406.84615384615387,
           415.0769230769231,
           394.3076923076923,
           255.07692307692307,
           0,
           336.46153846153845,
           355.6923076923077,
           224.3846153846154,
           261.0769230769231,
           255.07692307692307,
           132.92307692307693,
           204.15384615384616,
           356.38461538461536,
           136.53846153846155,
           236.69230769230768
          ],
          [
           723.5384615384615,
           532.9230769230769,
           709.4615384615385,
           577.7692307692307,
           336.46153846153845,
           0,
           429.0769230769231,
           382.38461538461536,
           494.46153846153845,
           577.7692307692307,
           488.46153846153845,
           355.6923076923077,
           429.6923076923077,
           638.6153846153846,
           565.3846153846154
          ],
          [
           507.38461538461536,
           502.46153846153845,
           603.7692307692307,
           754.4615384615385,
           355.6923076923077,
           429.0769230769231,
           0,
           277.38461538461536,
           478.61538461538464,
           754.4615384615385,
           441.2307692307692,
           389.84615384615387,
           526.3846153846154,
           524.6923076923077,
           520.3076923076923
          ],
          [
           319.15384615384613,
           362.7692307692308,
           357.53846153846155,
           369.2307692307692,
           224.3846153846154,
           382.38461538461536,
           277.38461538461536,
           0,
           176.69230769230768,
           369.2307692307692,
           329.46153846153845,
           236.46153846153845,
           225,
           237,
           314.46153846153845
          ],
          [
           454.84615384615387,
           429.61538461538464,
           611.5384615384615,
           415,
           261.0769230769231,
           494.46153846153845,
           478.61538461538464,
           176.69230769230768,
           0,
           415,
           500,
           445.7692307692308,
           188.07692307692307,
           649.7692307692307,
           303.7692307692308
          ],
          [
           418.6923076923077,
           453.9230769230769,
           740.5384615384615,
           1291.8461538461538,
           255.07692307692307,
           577.7692307692307,
           754.4615384615385,
           369.2307692307692,
           415,
           0,
           521.6923076923077,
           340.38461538461536,
           600.4615384615385,
           691.5384615384615,
           552.5384615384615
          ],
          [
           338.6923076923077,
           268.6923076923077,
           544.5384615384615,
           521.6923076923077,
           132.92307692307693,
           488.46153846153845,
           441.2307692307692,
           329.46153846153845,
           500,
           521.6923076923077,
           0,
           313.61538461538464,
           313.53846153846155,
           504.7692307692308,
           348.7692307692308
          ],
          [
           393.0769230769231,
           286.3076923076923,
           525.2307692307693,
           340.38461538461536,
           204.15384615384616,
           355.6923076923077,
           389.84615384615387,
           236.46153846153845,
           445.7692307692308,
           340.38461538461536,
           313.61538461538464,
           0,
           244.30769230769232,
           374.38461538461536,
           278.6923076923077
          ],
          [
           444.15384615384613,
           559.5384615384615,
           413.2307692307692,
           600.4615384615385,
           356.38461538461536,
           429.6923076923077,
           526.3846153846154,
           225,
           188.07692307692307,
           600.4615384615385,
           313.53846153846155,
           244.30769230769232,
           0,
           355.3076923076923,
           315.46153846153845
          ],
          [
           427.7692307692308,
           388.84615384615387,
           673.1538461538462,
           691.5384615384615,
           136.53846153846155,
           638.6153846153846,
           524.6923076923077,
           237,
           649.7692307692307,
           691.5384615384615,
           504.7692307692308,
           374.38461538461536,
           355.3076923076923,
           0,
           446.84615384615387
          ],
          [
           400.61538461538464,
           307.7692307692308,
           584.7692307692307,
           552.5384615384615,
           236.69230769230768,
           565.3846153846154,
           520.3076923076923,
           314.46153846153845,
           303.7692307692308,
           552.5384615384615,
           348.7692307692308,
           278.6923076923077,
           315.46153846153845,
           446.84615384615387,
           0
          ]
         ]
        }
       ],
       "layout": {
        "coloraxis": {
         "colorbar": {
          "title": {
           "text": "closeness"
          }
         },
         "colorscale": [
          [
           0,
           "rgb(246, 210, 169)"
          ],
          [
           0.16666666666666666,
           "rgb(245, 183, 142)"
          ],
          [
           0.3333333333333333,
           "rgb(241, 156, 124)"
          ],
          [
           0.5,
           "rgb(234, 129, 113)"
          ],
          [
           0.6666666666666666,
           "rgb(221, 104, 108)"
          ],
          [
           0.8333333333333334,
           "rgb(202, 82, 104)"
          ],
          [
           1,
           "rgb(177, 63, 100)"
          ]
         ]
        },
        "height": 500,
        "template": {
         "data": {
          "bar": [
           {
            "error_x": {
             "color": "#2a3f5f"
            },
            "error_y": {
             "color": "#2a3f5f"
            },
            "marker": {
             "line": {
              "color": "#E5ECF6",
              "width": 0.5
             },
             "pattern": {
              "fillmode": "overlay",
              "size": 10,
              "solidity": 0.2
             }
            },
            "type": "bar"
           }
          ],
          "barpolar": [
           {
            "marker": {
             "line": {
              "color": "#E5ECF6",
              "width": 0.5
             },
             "pattern": {
              "fillmode": "overlay",
              "size": 10,
              "solidity": 0.2
             }
            },
            "type": "barpolar"
           }
          ],
          "carpet": [
           {
            "aaxis": {
             "endlinecolor": "#2a3f5f",
             "gridcolor": "white",
             "linecolor": "white",
             "minorgridcolor": "white",
             "startlinecolor": "#2a3f5f"
            },
            "baxis": {
             "endlinecolor": "#2a3f5f",
             "gridcolor": "white",
             "linecolor": "white",
             "minorgridcolor": "white",
             "startlinecolor": "#2a3f5f"
            },
            "type": "carpet"
           }
          ],
          "choropleth": [
           {
            "colorbar": {
             "outlinewidth": 0,
             "ticks": ""
            },
            "type": "choropleth"
           }
          ],
          "contour": [
           {
            "colorbar": {
             "outlinewidth": 0,
             "ticks": ""
            },
            "colorscale": [
             [
              0,
              "#0d0887"
             ],
             [
              0.1111111111111111,
              "#46039f"
             ],
             [
              0.2222222222222222,
              "#7201a8"
             ],
             [
              0.3333333333333333,
              "#9c179e"
             ],
             [
              0.4444444444444444,
              "#bd3786"
             ],
             [
              0.5555555555555556,
              "#d8576b"
             ],
             [
              0.6666666666666666,
              "#ed7953"
             ],
             [
              0.7777777777777778,
              "#fb9f3a"
             ],
             [
              0.8888888888888888,
              "#fdca26"
             ],
             [
              1,
              "#f0f921"
             ]
            ],
            "type": "contour"
           }
          ],
          "contourcarpet": [
           {
            "colorbar": {
             "outlinewidth": 0,
             "ticks": ""
            },
            "type": "contourcarpet"
           }
          ],
          "heatmap": [
           {
            "colorbar": {
             "outlinewidth": 0,
             "ticks": ""
            },
            "colorscale": [
             [
              0,
              "#0d0887"
             ],
             [
              0.1111111111111111,
              "#46039f"
             ],
             [
              0.2222222222222222,
              "#7201a8"
             ],
             [
              0.3333333333333333,
              "#9c179e"
             ],
             [
              0.4444444444444444,
              "#bd3786"
             ],
             [
              0.5555555555555556,
              "#d8576b"
             ],
             [
              0.6666666666666666,
              "#ed7953"
             ],
             [
              0.7777777777777778,
              "#fb9f3a"
             ],
             [
              0.8888888888888888,
              "#fdca26"
             ],
             [
              1,
              "#f0f921"
             ]
            ],
            "type": "heatmap"
           }
          ],
          "heatmapgl": [
           {
            "colorbar": {
             "outlinewidth": 0,
             "ticks": ""
            },
            "colorscale": [
             [
              0,
              "#0d0887"
             ],
             [
              0.1111111111111111,
              "#46039f"
             ],
             [
              0.2222222222222222,
              "#7201a8"
             ],
             [
              0.3333333333333333,
              "#9c179e"
             ],
             [
              0.4444444444444444,
              "#bd3786"
             ],
             [
              0.5555555555555556,
              "#d8576b"
             ],
             [
              0.6666666666666666,
              "#ed7953"
             ],
             [
              0.7777777777777778,
              "#fb9f3a"
             ],
             [
              0.8888888888888888,
              "#fdca26"
             ],
             [
              1,
              "#f0f921"
             ]
            ],
            "type": "heatmapgl"
           }
          ],
          "histogram": [
           {
            "marker": {
             "pattern": {
              "fillmode": "overlay",
              "size": 10,
              "solidity": 0.2
             }
            },
            "type": "histogram"
           }
          ],
          "histogram2d": [
           {
            "colorbar": {
             "outlinewidth": 0,
             "ticks": ""
            },
            "colorscale": [
             [
              0,
              "#0d0887"
             ],
             [
              0.1111111111111111,
              "#46039f"
             ],
             [
              0.2222222222222222,
              "#7201a8"
             ],
             [
              0.3333333333333333,
              "#9c179e"
             ],
             [
              0.4444444444444444,
              "#bd3786"
             ],
             [
              0.5555555555555556,
              "#d8576b"
             ],
             [
              0.6666666666666666,
              "#ed7953"
             ],
             [
              0.7777777777777778,
              "#fb9f3a"
             ],
             [
              0.8888888888888888,
              "#fdca26"
             ],
             [
              1,
              "#f0f921"
             ]
            ],
            "type": "histogram2d"
           }
          ],
          "histogram2dcontour": [
           {
            "colorbar": {
             "outlinewidth": 0,
             "ticks": ""
            },
            "colorscale": [
             [
              0,
              "#0d0887"
             ],
             [
              0.1111111111111111,
              "#46039f"
             ],
             [
              0.2222222222222222,
              "#7201a8"
             ],
             [
              0.3333333333333333,
              "#9c179e"
             ],
             [
              0.4444444444444444,
              "#bd3786"
             ],
             [
              0.5555555555555556,
              "#d8576b"
             ],
             [
              0.6666666666666666,
              "#ed7953"
             ],
             [
              0.7777777777777778,
              "#fb9f3a"
             ],
             [
              0.8888888888888888,
              "#fdca26"
             ],
             [
              1,
              "#f0f921"
             ]
            ],
            "type": "histogram2dcontour"
           }
          ],
          "mesh3d": [
           {
            "colorbar": {
             "outlinewidth": 0,
             "ticks": ""
            },
            "type": "mesh3d"
           }
          ],
          "parcoords": [
           {
            "line": {
             "colorbar": {
              "outlinewidth": 0,
              "ticks": ""
             }
            },
            "type": "parcoords"
           }
          ],
          "pie": [
           {
            "automargin": true,
            "type": "pie"
           }
          ],
          "scatter": [
           {
            "fillpattern": {
             "fillmode": "overlay",
             "size": 10,
             "solidity": 0.2
            },
            "type": "scatter"
           }
          ],
          "scatter3d": [
           {
            "line": {
             "colorbar": {
              "outlinewidth": 0,
              "ticks": ""
             }
            },
            "marker": {
             "colorbar": {
              "outlinewidth": 0,
              "ticks": ""
             }
            },
            "type": "scatter3d"
           }
          ],
          "scattercarpet": [
           {
            "marker": {
             "colorbar": {
              "outlinewidth": 0,
              "ticks": ""
             }
            },
            "type": "scattercarpet"
           }
          ],
          "scattergeo": [
           {
            "marker": {
             "colorbar": {
              "outlinewidth": 0,
              "ticks": ""
             }
            },
            "type": "scattergeo"
           }
          ],
          "scattergl": [
           {
            "marker": {
             "colorbar": {
              "outlinewidth": 0,
              "ticks": ""
             }
            },
            "type": "scattergl"
           }
          ],
          "scattermapbox": [
           {
            "marker": {
             "colorbar": {
              "outlinewidth": 0,
              "ticks": ""
             }
            },
            "type": "scattermapbox"
           }
          ],
          "scatterpolar": [
           {
            "marker": {
             "colorbar": {
              "outlinewidth": 0,
              "ticks": ""
             }
            },
            "type": "scatterpolar"
           }
          ],
          "scatterpolargl": [
           {
            "marker": {
             "colorbar": {
              "outlinewidth": 0,
              "ticks": ""
             }
            },
            "type": "scatterpolargl"
           }
          ],
          "scatterternary": [
           {
            "marker": {
             "colorbar": {
              "outlinewidth": 0,
              "ticks": ""
             }
            },
            "type": "scatterternary"
           }
          ],
          "surface": [
           {
            "colorbar": {
             "outlinewidth": 0,
             "ticks": ""
            },
            "colorscale": [
             [
              0,
              "#0d0887"
             ],
             [
              0.1111111111111111,
              "#46039f"
             ],
             [
              0.2222222222222222,
              "#7201a8"
             ],
             [
              0.3333333333333333,
              "#9c179e"
             ],
             [
              0.4444444444444444,
              "#bd3786"
             ],
             [
              0.5555555555555556,
              "#d8576b"
             ],
             [
              0.6666666666666666,
              "#ed7953"
             ],
             [
              0.7777777777777778,
              "#fb9f3a"
             ],
             [
              0.8888888888888888,
              "#fdca26"
             ],
             [
              1,
              "#f0f921"
             ]
            ],
            "type": "surface"
           }
          ],
          "table": [
           {
            "cells": {
             "fill": {
              "color": "#EBF0F8"
             },
             "line": {
              "color": "white"
             }
            },
            "header": {
             "fill": {
              "color": "#C8D4E3"
             },
             "line": {
              "color": "white"
             }
            },
            "type": "table"
           }
          ]
         },
         "layout": {
          "annotationdefaults": {
           "arrowcolor": "#2a3f5f",
           "arrowhead": 0,
           "arrowwidth": 1
          },
          "autotypenumbers": "strict",
          "coloraxis": {
